 1  1  3  2  1  1  2   1   1   1   1   1
[0, 1, 4, 5, 6, 7, 10, 11, 12, 15, 16, 19, 22]
   1  3  1  1  1  3   1   1   3   1   3  3
     4  4  2  2  4  4   2   4   4   4   6
       8  6  4  6  8  6   6   8   8   10

    1*4  4*6  4*8  1*10
    num choice 3*1, 2*2

 3  3  2  1  1  3  3  2  1   1   1   3   2   1   1    2  1   1    1   3   3  2   1   1   1   1    1   3  3   2   1   1
[0, 1, 2, 3, 4, 7, 8, 9, 10, 11, 14, 17, 18, 19, 20, 23, 24, 25, 28, 31, 32, 33, 34, 35, 38, 39, 42, 45, 46, 47, 48, 49, 52]
   1, 1, 1, 1, 3, 1, 1, 1,  1,  3,  3,  1,  1,  1,  3,  1,  1,  3,  3,  1,  1,  1,  1,  3,  1,  3,  3,  1,  1,  1,  1, 3
     2, 2, 2, 4, 4, 2, 2, 2,  4,  6,  4,  2,  2,  4,  4,  2,  4,  6,  4,  2,  2,  2,  4,  4,  4,  6,  4,  2,  2,  2,  4
       4  4  6  8  6  4  4  6   10  10  6   4   6   8   6   6   10  10  6   4   4   6   8   8   10  10  6   4   4   6

  num choice 3*9 2*6
   9*4  11*6  4*8  6*10

     2*15  4*13  6*3n